10
0 29 20 21 16 31 100 12 4 31
29 0 15 29 28 40 72 21 29 41
20 15 0 15 14 25 81 9 23 27
21 29 15 0 4 12 92 12 25 13
16 28 14 4 0 16 94 9 20 16
31 40 25 12 16 0 98 15 30 20
100 72 81 92 94 98 0 90 101 99
12 21 9 12 9 15 90 0 12 13
4 29 23 25 20 30 101 12 0 35
31 41 27 13 16 20 99 13 35 0